List Size	Naive(ns)	Heap(ns)
----------------------------------------------------
Number of lists: 10
10		48745		146307
50		229036		687984
100		454211		1347239
500		2279576		6805381
1000		3636118		10301077
5000		11341288	32227927
10000		29151510	71334979
50000		89814959	267541950
100000		180431444	533683854

Number of lists: 50
10		744139		949167
50		3814231		4903292
100		7852479		8584769
500		32814119	32916030
1000		46171310	45151622
5000		154762820	187055804
10000		325035296	376508681
50000		1537105216	1830591158
100000		3063827379	3659059499

Number of lists: 100
10		2799050		2051500
50		13612949	9024128
100		26173699	16150179
500		94236404	50743230
1000		115121521	81972303
5000		604344836	413441635
10000		1222481795	836821374
50000		5761975959	4052462475
100000		11493785023	8091535361






